1000 -3.00000
  31.86297 31.86297 31.86297
  19.72221 10.49567 27.46575 1
  20.27435 30.21478  9.66975 1
  15.89824 28.99156 31.76097 1
   1.90092 29.41453  3.32018 1
   4.00592  9.66649 25.46259 1
   0.65365 20.82917  4.41214 1
  26.34762  5.41059 25.33296 1
   2.80812 20.35398 24.97155 1
  21.74085 18.81897 12.30574 1
  11.89885  6.87427 20.25485 1
   9.68356 17.62206  4.79076 1
  19.12836  7.72726  6.65525 1
   8.67689  1.89241 10.88223 1
   3.52177 16.24208 30.97752 1
   8.15145 11.89095  6.73897 1
  26.34940  1.22816  1.96540 1
  31.53193 27.98271  6.58648 1
  21.88725  2.62533  4.93509 1
  29.71459 27.06560 23.83548 1
  17.70777  4.48494 22.98510 1
  23.88190 12.55091  3.26365 1
  26.24396 22.60350 29.22978 1
  21.05258 16.00545 16.56204 1
  15.36279 25.40043 23.94360 1
  11.06096 21.62211 18.52116 1
  25.35526 20.22429 13.68393 1
  13.63592 15.14741  2.35943 1
  12.19119  1.29468  9.10264 1
  24.60949  6.53073  1.48013 1
  17.83703 18.29991 25.60658 1
  20.32363 17.72635 31.41287 1
   8.41218  1.11268 23.86694 1
   3.29114  8.44966 21.27062 1
   5.30876 18.37227 17.86696 1
   6.91441 16.00745  4.74204 1
  11.92883 25.93084  4.18121 1
   6.38624 31.25083 28.15498 1
  23.33678 20.06778 30.09336 1
  11.80030  5.91188 24.60870 1
  29.72338 14.74262 21.60556 1
   7.87612  5.08350  8.60800 1
   7.82888 18.07788  9.81701 1
   7.24627  9.31680 22.85004 1
  27.87377 26.84247 20.22790 1
  12.11647 30.10419 28.56817 1
  31.70269 12.57075  8.98009 1
  11.83342 28.50008 16.22998 1
   3.06430 24.38278  7.18892 1
  19.31840 11.75852 19.57788 1
   5.68654  8.91414 31.44576 1
  19.12848 14.10387 23.29812 1
  12.45109 22.91020 22.97140 1
  31.29489 20.28101 29.22357 1
  17.67385  0.61038  6.74142 1
   4.26574 11.83892 18.01620 1
   4.57414 24.37337 22.27758 1
   3.84647 17.60921  9.03926 1
  21.86163  1.98327 12.96456 1
   5.35668  2.57291  4.98512 1
   1.34108 24.23381 29.40953 1
  14.13130  8.41944  9.01040 1
   9.59612 14.19323  4.43906 1
  21.75561 14.08304  7.01633 1
  21.04995 16.25537 19.50705 1
  27.16181  8.72889  1.65206 1
   6.40112 30.34825 12.89010 1
  23.78759  9.75531  4.76344 1
   9.31307 29.28863  0.29260 1
  29.81307  5.17133  8.53262 1
   7.06517  3.67775 13.75122 1
   2.76153 13.58971  8.15763 1
  14.19225 15.56744 23.82669 1
  16.49704 15.07057 25.90182 1
  19.02635  8.32417 20.21807 1
  13.39356 30.07667  5.58125 1
  17.77674  5.02556 18.24078 1
  16.79284 11.56276 15.94254 1
  27.83704  1.12150 10.63050 1
  16.74925  2.62802 26.53919 1
   0.92255 19.47681  7.68642 1
   1.25667  3.97185  7.24765 1
   8.55065 15.43402  9.32647 1
  21.41289  4.49993  7.71470 1
  24.87907 12.66183 31.55843 1
  22.95884 30.97001  2.12855 1
  14.84153 19.99574 24.11313 1
   3.98810 23.34204 15.05602 1
  20.88633  2.74551 27.79411 1
  20.70843 31.93733 21.43705 1
   3.09975 20.63049 31.80867 1
  16.38951 30.18525 15.14745 1
  13.21987 12.54362 17.02058 1
  21.00884 30.66689  5.26542 1
  11.67737 24.76106  7.89186 1
   1.69426  4.35962 12.70223 1
   2.53868 19.97248 16.25642 1
  12.08731  8.64080  3.83665 1
  14.10535 28.81943 23.79542 1
   5.60390 16.40829 12.23118 1
  27.49212 21.38110  2.46519 1
  31.84495 24.79578 16.66007 1
  31.28273 27.87561 14.69249 1
   2.68381 30.74576 13.73420 1
   8.62093  7.38628 26.30461 1
  26.16499 29.46578 22.28332 1
  10.42900 19.29354 21.30961 1
  13.24618 24.79522 29.15599 1
   3.07692 19.30667 21.32199 1
  29.85975  9.80905 19.03501 1
   3.93773 27.75664 27.79848 1
   6.79005  6.81166 11.62775 1
   5.51676 27.63481  4.07825 1
  24.02312 22.29405 11.25740 1
  25.28913  3.53180 21.62809 1
  17.21005 29.36712 22.27633 1
  20.12744 30.71542 16.33347 1
  22.03185 24.28063 28.81780 1
  19.77524 26.47720 15.20152 1
   5.24284 26.04410 19.38585 1
  11.73815 20.34830 14.55483 1
  14.77703  9.45647 30.74504 1
   2.85991 15.79991 20.02238 1
  22.25372 17.21350  4.02457 1
  29.24378 10.03433 14.70995 1
  28.43312 19.63478 10.78509 1
  21.01358 24.51289 23.43643 1
   1.00360 13.16257 31.24058 1
   0.50275 17.41349 24.92078 1
   4.18729 29.03372  0.79916 1
  17.13567  7.56002 15.73254 1
  24.41813  3.71470 15.13005 1
  18.90792 18.08046 15.30966 1
   4.26927 12.04368  1.14530 1
   4.86856 13.01583 11.06001 1
  22.06483 13.34375 20.88276 1
  24.80966 16.34788 31.27940 1
   1.56912  1.07415 20.97472 1
  31.73050  7.04483 12.32622 1
  20.61994 21.40830 20.21862 1
  18.91675  3.79959  3.98501 1
  21.11575 27.69099  6.74482 1
   1.38485  7.44131  2.01587 1
   0.19004  6.68840 20.01925 1
   5.00402 22.90402 18.35115 1
  29.07206 22.76566 27.24902 1
  20.35546 13.85028  1.43766 1
  13.78462 18.89867  6.48317 1
  18.72991 17.22354  3.27519 1
  31.40182  4.11945  3.92960 1
  25.12990 18.60505  3.76571 1
  22.01148  4.06403 24.73839 1
  14.55036  4.80112 15.65628 1
   1.80572  6.22364 23.64781 1
   5.25893  7.22027 27.91778 1
   4.53596 15.34593 25.70860 1
   6.43013 22.95025  2.16597 1
   8.24230  1.11833  7.07214 1
  26.86385 18.00625 17.44959 1
  11.26356 10.81894 19.43538 1
  29.76995  1.71599 28.92256 1
  22.26588 24.06982 18.15301 1
   4.85958  4.90150  0.52724 1
  22.02893 30.02116 12.95014 1
   3.12564  9.00298 13.16339 1
  31.33928 30.26345 27.69645 1
   5.75487  1.64776 31.75306 1
  21.59276 24.38583  3.81882 1
  22.81188 12.90564 25.98945 1
  15.55419 21.90709 19.28052 1
  24.66307  8.91239 24.18462 1
  12.55992 16.06867 19.65536 1
  18.89688 23.13042 12.36140 1
  15.04113  4.82471  6.70821 1
  15.30769  9.23110 22.15174 1
  18.51932  1.35328 19.09556 1
  14.32473  4.50863 20.58065 1
  24.94696 18.20726  9.80481 1
   0.83992  5.55561 16.45015 1
   8.02352 23.46331 19.31563 1
  31.68795 27.18698 28.21469 1
  23.16206 31.87267  8.28112 1
   7.51068 21.57481 22.46305 1
  20.85086  6.16178 12.87046 1
  31.47311 23.11646  8.10871 1
   9.67634 15.83873 15.40066 1
   1.88981  8.97647 29.87105 1
   9.44276 25.95826 14.74032 1
   8.97530 20.48517 31.03375 1
  15.71727 26.16188 16.53600 1
  19.03343  8.69666 31.73929 1
  26.03315  1.26050 26.26472 1
  19.85535 31.46227 26.36374 1
  15.19637 15.85891  9.56908 1
  31.86017  8.73004 26.41173 1
  27.52183  9.12078 11.48441 1
  23.81836  9.69666 12.19012 1
  20.07627 22.54170  7.66979 1
   7.41477 22.32156  6.34136 1
   9.31304 12.07354 12.76796 1
   0.30069  1.27339 15.61938 1
  13.67611  5.33505 11.38265 1
  11.07176  4.84987  7.36502 1
  19.98245  0.89774  0.56544 1
  11.27857 27.00205 31.69826 1
  27.51277  8.10334 20.98397 1
  10.70435 31.68744 26.18940 1
  24.47001 11.35298  7.78674 1
  31.75294 16.51919 28.49069 1
  16.01173 24.80737 31.84577 1
  18.66447 19.89270  9.93522 1
  28.01208 19.18307 30.72805 1
  28.72086 16.38055 13.59787 1
   3.54966 26.97799 14.70566 1
  28.76406  3.41317  0.84231 1
   5.69925 14.83956 16.94585 1
  21.57557 30.76629 29.15632 1
   5.09206 21.56978  9.27159 1
   1.43300 25.91059  3.95699 1
   7.89644 25.80430 11.21375 1
   7.67089 12.74600  2.77842 1
  23.46604 10.27905 20.36508 1
  26.19555 13.30157 28.06587 1
   0.15793 15.90542  6.94398 1
  16.72252 24.32700 27.84959 1
  21.15519  7.25479  3.77424 1
  13.08383  2.82428 23.69128 1
   8.97235 28.93307 26.87111 1
   9.39373 16.45957 24.01978 1
   9.45573 29.33780  5.44037 1
  25.87195 29.52081  5.62612 1
  23.43508 22.99940 15.23856 1
  13.23876 27.73338  8.18514 1
   1.01632 24.25239 24.98296 1
  19.49375 26.51109 29.20650 1
  30.37011 16.64276 18.16967 1
   8.28953 23.27548 27.24998 1
   0.21399 21.30184 12.29729 1
   1.09996 26.39126 19.87159 1
  14.43772  5.43519 27.86849 1
   2.56722  2.52315 26.67967 1
   7.05916 18.24382  2.02554 1
  29.29465 24.71358 11.57262 1
  30.02367 24.21615 19.78737 1
  20.40006 21.82736  2.59646 1
  21.12096 28.40565 22.20173 1
  22.45945 25.66912 10.21563 1
  31.42983 20.96533 17.77098 1
  17.99767 31.97500 11.82016 1
   5.00813 13.52868 22.17816 1
   9.86883 15.69571  0.36716 1
  22.04970 21.59881 24.27284 1
   7.10253 10.66230 27.60690 1
  31.66280  1.22900  6.07370 1
   9.85764 20.20735 25.41750 1
  31.89596  5.11616 30.13780 1
   3.79234  8.89728  4.44111 1
  23.93327 27.70323 16.08050 1
  22.68700  2.36436 18.21853 1
  11.15382 26.43169 19.86500 1
  11.68620 11.87128  9.72849 1
  21.75794 15.65907 27.89968 1
   5.13579  0.84055  9.02077 1
  16.54456 31.61496  3.19513 1
  14.37307 26.44160 20.61180 1
   9.23285  0.16804 15.52901 1
  25.14948 31.96087 11.12676 1
  14.89868 13.44549 20.80221 1
  17.92517  3.57328  9.08665 1
  27.08771 26.80045  8.33446 1
  16.70932 20.51553  0.66373 1
  15.87270 16.72503 30.56105 1
  14.95200  0.62540 21.56862 1
  26.44983 15.53240  7.10308 1
  16.87524 15.37711 19.15315 1
  18.98037 27.70610 24.92228 1
  10.82075 21.95725  4.79536 1
   5.87607 17.89668 23.41932 1
  15.94956 11.85683  2.21791 1
  30.15245 19.74819 23.27139 1
  18.89085 25.01011 19.79850 1
  12.65881 27.04448 25.95422 1
  27.61620 29.43579 26.09014 1
  17.59604 10.60874  8.68656 1
   3.98265 14.38372  3.62153 1
   2.93749 31.76869 29.25740 1
   3.56979 12.24493 28.36143 1
  14.66309  8.70498 17.57009 1
  25.39072 14.82527 18.02124 1
   2.66262 28.40919 22.15344 1
   6.60835  2.62215 18.52181 1
   2.10686 30.97556  6.34629 1
  16.86973 27.73797  5.42824 1
  21.83612 16.93284 24.52392 1
  31.39509 18.90060  0.43922 1
   9.44347 28.49018  9.39354 1
  28.41173 29.05149  3.98884 1
   5.57869 30.05890  7.40141 1
   5.82774 15.46992 29.92901 1
  16.45713 30.14620  8.48860 1
  15.64733  2.47940  2.77465 1
  19.38556 10.80308  4.25652 1
  25.02053  8.00188 15.49422 1
  31.70026 30.12962 23.32128 1
  31.95503  2.51444 10.69385 1
  28.19160  0.30385 22.15622 1
  20.72708  4.44269 20.50989 1
  27.61278  4.91373 28.50170 1
   3.81300 24.45983  3.09175 1
  30.38553  3.57465 20.09899 1
  25.58667 28.73756  1.16029 1
   5.82130  9.28233  9.03288 1
  31.49782  8.41314  6.29954 1
   4.90248 19.45861 12.61144 1
  25.25238  5.73991 10.81996 1
  27.05525 13.16942 13.20365 1
  13.94512 20.23113 30.24727 1
   9.06559  3.62637 22.21017 1
  24.80701 24.05719  7.95922 1
   9.22942 10.41020  0.65033 1
   4.09800  3.61774 23.78623 1
   6.06184 11.72285 14.48849 1
  17.80977 25.49391  2.86831 1
  25.60698 24.97166  4.30647 1
  26.67760 28.75733 13.72132 1
  19.07932  9.85727 11.92180 1
   4.83450 31.69703 24.71277 1
  28.92227 15.96389 30.87075 1
  27.74875 15.02786  2.64025 1
  13.04105 25.94177 11.94713 1
  19.07329 21.87312 31.04047 1
  25.20004 18.31977 26.65111 1
  27.71215  0.25256 18.19710 1
  24.26464 20.53866 21.84289 1
  11.97810  2.09126  5.47718 1
  10.15354 30.09081 12.42212 1
  20.01239 19.03829 28.17323 1
  16.36388 28.89908 12.18073 1
  27.80836 11.09372  5.11523 1
  11.98358 12.74709 30.54806 1
   3.87529 30.34592 18.55839 1
   9.38076 22.79184 10.76762 1
  24.82792 31.66288 15.11521 1
  29.50060  7.87824 30.68007 1
  16.69647 23.41896  8.47944 1
  16.95538  3.06817 13.46756 1
  26.34321 18.97582  6.51848 1
  20.84415 12.35162 14.80136 1
  14.29644 18.19244 16.96476 1
  16.12866  8.86875 27.10998 1
   1.68734  1.64283  1.69812 1
  10.34659 31.35225 21.49956 1
  20.05347  9.97345 23.52211 1
  10.60988  1.70747 18.90273 1
  27.78529  4.35680 17.58753 1
  14.39296 22.52596  6.29460 1
  29.23573 18.85482 20.85011 1
  10.15520 12.90325 22.08212 1
  25.33222 14.22001 22.58599 1
   7.37990 16.19481 20.47285 1
  21.90246 25.83777 31.91253 1
  27.76457 24.65783 16.92047 1
  23.37006 31.57567 24.40590 1
  29.30078 12.58092  0.24944 1
   6.66664 27.86629 16.24498 1
  12.28903  5.47752  2.61879 1
  17.34976 22.66102 23.47677 1
  31.95864 22.50262 22.28072 1
  24.78803 11.38190 16.46319 1
  28.81274 25.41266  4.38259 1
   3.89319 25.03335 31.96205 1
  15.08281 11.79130 12.59728 1
  29.34482 16.45229  9.81272 1
  29.40960 17.81716  3.68056 1
   7.42712 29.10442 21.08747 1
  26.02943 20.99433 18.86758 1
   1.09914 12.29767  3.99955 1
  29.70687  3.17671 24.24960 1
  17.63026  6.80713 10.89332 1
  30.49947  9.76269  2.80525 1
   7.82413  8.78518  4.05028 1
  11.94853  1.26394  1.59883 1
  31.77390 30.40251 17.95122 1
  27.09133 24.05564 22.57798 1
   6.06904  8.49397 17.31591 1
  17.77417 22.03801 16.59936 1
  19.26190 28.92544  1.54508 1
  17.82638 20.32833  5.17606 1
  19.51391 17.43729  8.21605 1
  27.43716  9.19204 28.19873 1
  10.87502  8.63166  6.94936 1
  11.60762 16.93059 27.58091 1
  29.24772 14.68152 25.10827 1
  15.71907 28.86749 27.00649 1
  16.29124  5.26206 31.33237 1
  22.29665  9.68374  0.33668 1
  23.88667  2.32291 31.49823 1
  19.26110 19.39941 22.53396 1
   4.22003 19.75106  4.50577 1
   1.54171 11.99962 25.00435 1
  14.04927 18.53286  2.78269 1
  25.75785  1.82326  5.51258 1
  19.34188  2.19035 15.22819 1
  23.37449  6.99294 19.47309 1
   8.87558 14.70494 26.78651 1
   2.45115 15.16661 15.24364 1
   8.76117  4.56403  3.72451 1
  24.70403 30.65341 19.16138 1
  12.86305 22.23479 26.53203 1
   1.17302 17.94575 11.86301 1
   6.40422 27.13820 29.65794 1
  11.19836  9.73300 27.99008 1
   8.27127 25.46295  2.20485 1
  28.45860  5.50658 13.75146 1
  26.62080  0.32711 29.45300 1
  13.28346 30.46695 11.04836 1
   9.28467 24.35800 30.59263 1
  14.43986  0.67076 18.61696 1
  13.58673 22.58361  2.40799 1
  15.20907 18.58840 20.27476 1
  15.16120 15.10205 14.76668 1
   9.53357 19.11059 12.79347 1
  16.25864 21.20140 13.08649 1
  18.38423 15.25590 12.26233 1
   3.29188 19.20256 27.94869 1
   9.62245  0.85540 30.46159 1
   1.87930  9.82703 16.11779 1
  12.75736 24.04850 15.95300 1
  30.51434 12.06427 27.78206 1
   1.06680 30.63421 10.59850 1
  28.44805 29.88778  8.75569 1
  24.46694 28.92363 28.85381 1
  30.79021 31.82689  2.51055 1
  24.96491 17.47211 23.00886 1
  24.19560 14.51788 11.36326 1
   6.48348  2.77862 27.80740 1
   7.41754 22.01195 14.49626 1
   5.62257 21.77386 29.35857 1
   9.20162 10.64332 15.59849 1
  22.72178 11.65478 29.30458 1
   8.67491 19.26168 17.73633 1
  25.35480 23.06901 25.78627 1
  16.31729 28.93232 19.07178 1
   3.76892  3.54015 17.35876 1
  30.04280 30.92197 12.84993 1
   6.81799 25.90634  7.38784 1
  25.73704  7.18249  7.29492 1
   2.24684  8.74543  9.64437 1
  24.01588 26.30104 25.23416 1
   9.30539  9.41289 10.86492 1
  29.62936 24.51126 31.59480 1
  31.56318 22.29999  1.55679 1
   1.81444 17.00972  3.26953 1
  28.44193  9.77633 23.85880 1
  21.54742  7.93129  9.10996 1
  14.71277 18.25726 11.69584 1
  25.43601  4.86112 30.73560 1
  25.17605 16.30825 14.21836 1
  13.69803 31.62602 15.20492 1
   5.16342  6.61461 19.90161 1
   5.24024 22.28482 24.98163 1
  21.03055  5.27545 31.67802 1
   8.26271  0.37537  3.17753 1
  31.49665 11.39611 21.69967 1
  13.31796 12.48393  6.63042 1
   5.26735 27.30549 24.59129 1
  27.66921 12.64120 20.10967 1
  17.24915  0.66282 30.15932 1
  20.47005  6.73333 25.25464 1
   9.07593 25.12744 23.40545 1
  18.40195 14.28268 28.34252 1
  21.12899  8.73490 16.24701 1
  22.50594 20.07039  7.58131 1
  22.98226 19.35516 18.82687 1
   4.46999 12.09709  6.10387 1
  28.95463 28.14682  0.23226 1
   9.81561  5.70158 17.44600 1
   1.35731 28.56509 31.30816 1
   0.24077 13.10499 13.32967 1
  12.65516  9.32062 14.81152 1
  18.56576 26.90990 10.86203 1
  15.00980  9.09971  5.45161 1
  17.51111 14.50800  5.34992 1
   7.45499 11.18125 20.13394 1
  28.97286 22.22808  6.50839 1
  31.55316 12.62405 17.30336 1
  10.05041  6.00219 29.42241 1
   9.11966 29.89852 18.34493 1
  27.56842 26.53554 27.40432 1
   0.32084 27.18576  9.63691 1
  24.81388 24.42913 20.08671 1
  27.88467 13.02166  9.28601 1
  12.28540 14.86608 12.23484 1
  11.46620 10.48924 23.65940 1
  23.62410 22.48157  0.86565 1
  28.21750 20.66186 15.25967 1
  12.91177 20.47010  9.51803 1
   7.64337 18.36906 28.50606 1
  22.56227  7.45312 28.37373 1
  14.00501  1.37558 28.93589 1
  15.51431 12.84143 29.49235 1
  24.32810  1.25989 13.11349 -1
  16.81299  2.80744  5.73353 -1
   7.93977  2.41991 16.10990 -1
  17.28224  0.96921  9.23780 -1
   3.27595 17.28244 24.23521 -1
  14.78325 30.35032 17.16199 -1
  10.06160 11.47812 26.20410 -1
   9.83331  6.29735  5.61530 -1
  12.94169 26.05678 17.89648 -1
  17.29229 16.33454 16.34663 -1
  26.24048 19.26196 20.78366 -1
  21.54437  4.64597  2.68168 -1
   5.08873 19.03729  7.12697 -1
  27.03593  7.12048 31.58690 -1
   8.30232 18.74151 23.42021 -1
  13.40922  6.20649 18.09497 -1
  18.71955 14.27893 20.44545 -1
  29.77473  2.00941  2.84066 -1
   9.31304 17.37621 26.64534 -1
  23.38829 21.98516 19.54667 -1
  27.46267 17.62212  8.85996 -1
  14.69341 22.60820 29.61416 -1
   1.09424 17.10013  8.88772 -1
   6.99571 28.97022 18.51248 -1
  17.73727 12.69445 13.58634 -1
  23.68032  8.63465  2.24462 -1
  10.08800  0.25605  5.36757 -1
  10.13549 12.71651  0.51990 -1
  13.37828 13.47919 14.22266 -1
   7.60057  7.57477  9.51507 -1
  18.85097 29.60132 11.82876 -1
  13.35257  2.91070  7.34521 -1
   5.27604 12.20584  8.54167 -1
   5.03188 14.63238  0.63235 -1
  21.44627  0.45829 15.01339 -1
  31.45074 30.74102  4.93698 -1
  26.79777 21.06321 27.14676 -1
   1.27800 15.39215  0.80437 -1
  30.22115 18.00291 29.79363 -1
  14.20975  2.10598 15.90377 -1
  25.51962 20.55026  8.98041 -1
   2.93673  5.13962 26.02555 -1
  19.49446 20.39628 25.65753 -1
   4.16622  1.54289 19.29387 -1
  19.65816 30.76268 30.98980 -1
  21.09127 22.00239  5.17053 -1
   1.19121  8.79167  4.39255 -1
   0.72496 10.81627 28.14511 -1
   2.44743 25.53463 26.89294 -1
  26.27369 31.11645 24.73375 -1
   0.80932 29.40417  8.47279 -1
  23.01320 23.86013 26.24236 -1
   0.65500 23.83212 19.88640 -1
   0.99293 25.73387  7.14230 -1
  13.96548 15.78535 17.39739 -1
   3.86963 27.45108 30.49307 -1
   7.24687 28.05039  6.39415 -1
  12.60065 27.55460 29.51464 -1
  30.04387 22.89031 16.72131 -1
  18.53815 22.37628 18.94592 -1
   5.76091 25.66412  1.85844 -1
   9.94193 31.66019  0.87435 -1
  20.84995 20.12992 30.90742 -1
   8.51030 30.39983 23.67144 -1
  27.76348 10.89958 17.63663 -1
   5.22738 21.97678 13.06891 -1
   2.44517 27.38110  1.95749 -1
  11.06863  3.34286  3.50452 -1
   5.34019 20.38662 23.27798 -1
  23.73875  7.23458 12.18860 -1
   4.19619  6.50010 30.40673 -1
   1.51090 14.59758 11.32561 -1
  23.13464 29.87648  6.35378 -1
  11.36606 20.65145 11.93623 -1
  24.30479  2.81452  6.98273 -1
  17.10990  6.41502  7.57706 -1
  10.70780 27.77908  7.15187 -1
  16.71873 23.66402 14.05759 -1
  18.01177 31.80827 15.32272 -1
  23.11874 12.32663  5.88878 -1
  13.58325 22.23822 17.59766 -1
  30.78115  4.07247  6.41669 -1
   7.76593 24.53454 13.50855 -1
  26.80225 12.97361  6.86095 -1
  24.35569  4.37514 23.95771 -1
  19.58107  2.41044 21.83643 -1
  20.17928  5.34727 10.04312 -1
   4.45235 22.13354  4.46598 -1
  27.33843 15.71567 19.55751 -1
  22.35458 27.62459 24.08334 -1
  11.70218 19.05020 17.48350 -1
  11.50247  6.88139 27.55576 -1
  16.81659 20.38052 22.57015 -1
  25.10920 11.24935 10.20276 -1
  18.95455 19.95531  7.29605 -1
  17.11474 23.08904  1.33994 -1
  22.22077 23.12493  9.13788 -1
   8.82877 26.60734 31.22497 -1
   0.23935  1.85934 27.49229 -1
  29.22069  7.83638 13.04175 -1
  29.67620 11.53070 10.62381 -1
   4.92457 21.26009 16.39548 -1
   2.03764 21.82958 29.78000 -1
  26.96751 23.50680 19.28972 -1
  11.02189 16.99547 13.64847 -1
  14.52056 16.05159 21.15969 -1
  31.28724 16.91966 20.51702 -1
   7.35598 13.19551 28.23476 -1
   8.44746  1.12626 20.43978 -1
   6.21513  9.45204  6.17265 -1
  14.47397  4.68913  1.28475 -1
   5.89798 29.98639  2.73539 -1
  20.64255 23.85751 15.84911 -1
   7.96676  8.81147 19.21821 -1
  18.63967  7.46132 13.52137 -1
  23.78630 15.31195 25.18895 -1
  14.63803 13.35615  0.55185 -1
  24.95976 25.64250  9.86857 -1
  28.06500  3.65999 11.35091 -1
   4.52074 20.95263 26.92245 -1
  24.46358 25.28975 17.24526 -1
  30.61260 22.14847 25.21546 -1
  12.53523 23.70082  5.01807 -1
   3.23360  2.35785 31.37117 -1
   6.39228  2.86921  2.46445 -1
  10.81914 23.68913 20.88996 -1
   5.24533 31.22962 30.51176 -1
  12.12694  0.39736 30.09630 -1
  27.47003 31.02071 12.02400 -1
   3.21501 29.05444  5.55155 -1
  13.06842 19.91532 21.71443 -1
  23.49189 25.25042  5.58307 -1
  25.80850  2.90969 29.12998 -1
  26.97447 30.68068 20.05383 -1
  30.45311 18.15303 11.72581 -1
  29.03313  6.43704 19.46972 -1
  25.61741 21.35863 16.42209 -1
  13.97028 13.31870  9.07399 -1
  15.90217 17.44688  5.74186 -1
  31.05233 26.91638 31.43912 -1
  30.36801 13.90896 29.92555 -1
   0.47618  0.85500 12.76778 -1
  20.88861  9.99555 20.69534 -1
  14.34274 24.47900  8.50321 -1
  15.57308 31.68234  0.53871 -1
  28.23285 28.29776  6.66060 -1
  20.96343 27.62155  9.39208 -1
  12.10365 27.84510 10.58778 -1
  24.17102 17.48686 12.29832 -1
   8.36888  0.45365 12.76705 -1
  25.97836  9.28232  6.04204 -1
  29.49489 13.07655 14.05267 -1
   0.70211  9.25000 20.20561 -1
  20.44740 18.25660 18.22944 -1
  19.66643 23.74248 29.21659 -1
  12.35866 19.45064 26.72836 -1
   3.99023 10.29401 15.06077 -1
   0.55336 27.22908 23.32415 -1
  14.68519 20.65711  4.41955 -1
  29.92513 14.59357  8.28423 -1
  21.49812  2.78616 30.68109 -1
  29.25846 23.76388  2.37584 -1
   1.97504  1.58771  8.12632 -1
  29.49996  7.73890 27.88754 -1
   0.95218  6.88770  7.87990 -1
  16.58831 27.61065 14.53898 -1
  30.04688 10.21228  5.30455 -1
   9.37625 13.63852 10.64309 -1
  16.86225 10.79612 31.77118 -1
  14.83709 28.86154 21.02980 -1
  16.33953  9.20800 10.45436 -1
   3.48601 26.17800 21.04728 -1
  26.64771 27.91729 30.94880 -1
  16.74411 28.03613  2.06632 -1
  19.42888 10.80841 16.80625 -1
  18.86170 22.49098 10.03036 -1
   8.42301  0.42089 27.10939 -1
  13.11450 26.74132 23.14836 -1
   0.36679  7.52296 31.20424 -1
  15.90731 30.14512  5.84597 -1
  15.65783 15.22681 12.15251 -1
  23.47351  4.02008 19.81008 -1
  12.33001 17.00973  3.81988 -1
   9.33813 13.21534 15.22751 -1
   3.69010 30.87592 10.88187 -1
   6.49983  3.92237  6.64198 -1
   7.15789 18.41472 12.73948 -1
   8.90415 24.60521 17.12326 -1
   0.69548 20.82106 14.71410 -1
  27.43336 24.70856 25.48283 -1
  25.89725  6.43822 27.78667 -1
   2.06017 22.17594  7.81986 -1
  24.50307 22.91991 22.99195 -1
  31.17081  9.85459 16.56295 -1
  29.99032 31.59491  9.87492 -1
  13.83765  9.31175 24.19114 -1
  23.14139  6.42705 30.82042 -1
   7.95813 28.39002 11.84864 -1
  29.02106 29.28467 23.21631 -1
  17.25168 26.35705 18.38872 -1
  16.07130  4.66799 11.10567 -1
  23.91012  1.40797  3.42964 -1
   9.71991  2.95840  8.15451 -1
  17.78288 24.78215 25.15928 -1
   2.05443  5.21314 18.98429 -1
   2.97941 23.16273 23.74950 -1
  18.83926  1.18723 28.14031 -1
   3.03138 11.74303 30.82175 -1
  15.22237  7.25453 29.69342 -1
  17.05362 31.34385 20.45443 -1
   8.93531 20.77485 15.72626 -1
  20.96168 18.78620  9.89573 -1
  22.15602  4.34773 14.37707 -1
  17.09606  4.74183 15.44445 -1
  21.01077  9.38958 29.51674 -1
  26.34893 17.49179 29.61648 -1
  23.80744 17.81236  5.98712 -1
  22.24739 31.20498 10.60233 -1
   8.29065 16.66399  7.02413 -1
   5.00661 28.85967 14.55253 -1
   6.52634 24.38027 29.18291 -1
  16.17974 19.60345 18.22604 -1
  31.18473 15.41967 16.19506 -1
   4.60180  8.28801 11.20666 -1
  22.62299 26.80488 29.04442 -1
  21.66556 13.92987 18.14948 -1
   6.66421  2.97523 24.07923 -1
  15.46658 15.63499 28.34950 -1
  13.72297 20.20808  0.96556 -1
  17.42264  9.04040  5.09708 -1
   4.23325  9.69226 28.07946 -1
  25.75295 26.37849 21.75143 -1
   8.22946 21.00389 28.49509 -1
  19.60369 30.43098 23.65418 -1
  24.78969 12.61604 20.54714 -1
  28.56080 26.63655 14.45309 -1
   7.27489  5.43250 27.45128 -1
   7.40093 25.91922 20.63223 -1
  27.87427  1.03578 31.82225 -1
   2.09826  1.88413  4.55930 -1
  15.68556  9.43064 14.83243 -1
   0.83674 19.08087 27.19505 -1
  13.04856 24.62951  1.01917 -1
   6.67128  8.85779 25.42500 -1
  13.01823  3.80185 26.17104 -1
   9.41957  6.11249 23.50254 -1
  25.79476  3.99035  1.52263 -1
  31.76441 15.36467 25.94382 -1
  11.29237 14.21844  6.95425 -1
  31.37913 23.51635 10.91762 -1
  21.05637 31.61793 18.86929 -1
  11.74057 24.41269 13.67851 -1
   3.56376 16.48651 17.34591 -1
  17.70588 11.96788 27.52060 -1
   6.66891 10.45049  1.76887 -1
   2.16295 12.90117 16.90504 -1
  10.87688 14.30661 23.89834 -1
  21.80839 25.63192 20.17231 -1
   4.23385  0.67316 27.23282 -1
  26.26428 20.83294  0.22949 -1
  24.10503 15.32636  8.84376 -1
   9.33947 28.82437 16.05856 -1
  15.82363 27.82380 10.08663 -1
   5.96623 21.55927 31.91875 -1
   9.55274 29.84991 29.29148 -1
  24.88313  8.32520 21.60633 -1
  18.86894 29.77978  7.32079 -1
  12.75777 29.72270 25.91890 -1
  27.14575  2.39165 20.32525 -1
   7.66127  2.55051 30.18514 -1
   9.73897 22.74704 24.32950 -1
  14.66150 25.74573 26.64076 -1
   1.29067 31.05396  1.17257 -1
  27.76805 24.49541 29.34657 -1
  18.63893  8.74771 25.54455 -1
   5.75749 24.55701  9.20449 -1
  23.20097 21.37386 13.48712 -1
  20.56694 16.09144 13.99690 -1
  29.65228  4.22133 30.02264 -1
  23.92508 19.38731 24.51695 -1
  26.36197 11.66471  2.83222 -1
   8.35207 19.70570  3.56026 -1
  15.89844 20.83633  9.42669 -1
  19.86895  3.13096 17.90299 -1
  27.11769 14.20711  0.33183 -1
  30.70607  1.11450 19.42453 -1
  28.27825 12.90080 26.90176 -1
  21.36176 12.62870 23.48952 -1
  30.62819 11.26539 24.67157 -1
  31.34167 22.81464  5.60662 -1
  21.34974 10.06536 13.72030 -1
  10.59631 29.04209 20.28740 -1
  23.53034 13.12933 13.87128 -1
  17.57240 10.15736 21.63508 -1
  18.78224 26.84924 22.05248 -1
  27.15100 21.56478 12.43163 -1
   8.01069 31.26683  8.80105 -1
   2.05465 18.49704 30.93481 -1
   9.63264 10.52940  8.19672 -1
  17.05244 19.67766 30.11239 -1
  12.99680  9.90265  7.10093 -1
  12.00949  6.55691  9.17137 -1
   4.43569 25.56856  5.29980 -1
  12.35609 29.34520 13.81169 -1
   3.34679 29.26563 24.86754 -1
  14.58366 22.75418 24.51467 -1
  11.54241 21.37803  7.42352 -1
  10.92118 15.81703 30.14362 -1
  15.61070  1.96108 23.65627 -1
  25.60084 27.94133 26.52918 -1
   1.14451  7.77549 14.12804 -1
  11.27125 31.76925 16.99570 -1
   6.99066 13.36817  5.11235 -1
   1.76025 10.99428 11.30236 -1
   4.93842  4.89143 12.28545 -1
   4.75829 17.19169  3.78357 -1
  16.20706  3.13437 19.18128 -1
  20.16686  5.59016  5.78269 -1
  19.10478  6.21431 21.78664 -1
  20.94704 13.20095 27.73375 -1
  29.62682 21.26934 31.14498 -1
  11.44800 10.38824 16.93391 -1
   9.99011 16.63039 20.36204 -1
   9.42106 24.83204  9.00482 -1
  23.35387 27.25700  1.59433 -1
  11.24631 23.63110 28.49837 -1
   7.24216 13.64311 20.64909 -1
  18.95250 16.92294 23.37564 -1
  17.25291  7.66820 18.14163 -1
  31.91847 28.98738 12.39872 -1
  15.08826 17.65199 25.04607 -1
  28.96242 10.00037  0.33554 -1
   8.46500 16.29076  2.92653 -1
  19.50942  9.00945  9.61940 -1
  24.42770  9.14091 17.73330 -1
  15.99793  3.36172 29.38771 -1
  19.94215 15.69656 30.16983 -1
  27.28962 15.10086 11.78127 -1
   3.32913 17.39577 13.45446 -1
   2.35521 11.12806  7.24895 -1
  21.46989  5.18044 27.32564 -1
  29.72509 20.91449  8.79459 -1
  24.18862 14.59420 29.59294 -1
   8.72505  7.30707 15.53204 -1
  13.50641  7.06743  4.97956 -1
  15.83852 12.81557 18.29181 -1
   1.23301 20.02001 23.19446 -1
  29.46832 26.76591  9.91599 -1
  24.84398  1.85333 16.97797 -1
   2.03772 31.57787 16.41918 -1
  27.12707 20.90657  4.93412 -1
  31.81720  4.93917 11.20299 -1
   1.96625 23.55891  1.27338 -1
  14.38814 11.68311  4.33615 -1
  19.89183 25.50825 12.28610 -1
  13.25117 17.94286  9.35117 -1
  24.36221 29.04192 13.49868 -1
   7.58529 10.23845 13.00148 -1
  28.59103 17.68678 23.92395 -1
   1.84389 27.96279 16.13205 -1
  13.70821  5.79320 22.46984 -1
  16.48749 13.77398 23.93485 -1
  22.18096  8.46133 24.41171 -1
  15.58792 16.64160  1.80543 -1
  19.62527 27.05444 31.89921 -1
  13.48700 11.13036 29.12184 -1
   6.51368 15.17587 24.10464 -1
  20.43202  1.09991  6.75516 -1
   5.82997 16.25117  9.69124 -1
  27.77507 14.06814 23.20905 -1
  26.49652 14.61516 15.66805 -1
  26.35948 27.54149  3.49657 -1
  10.72736 27.88600  2.46778 -1
   5.56109  0.29917  6.28328 -1
  18.89234 26.26422  5.04447 -1
   8.09965 23.55322  4.20632 -1
  18.22638  1.95212  2.37525 -1
  23.72967  6.62891  8.74654 -1
  31.58732 17.93276  5.39015 -1
   4.21328  6.42940 22.27975 -1
   2.13082 14.94901  5.89419 -1
  28.37417 10.36055 21.26337 -1
  21.87677  1.09364 25.70785 -1
   3.43642 14.93041 28.88108 -1
   5.05201 25.60237 16.72692 -1
   5.15869 17.92293 29.06307 -1
  12.65445  0.96352 20.80777 -1
  30.16526  0.63965 23.67929 -1
  15.42012 31.37875 12.65851 -1
  30.06479  4.32523 15.96164 -1
  18.04742 19.73901  2.60659 -1
  19.96775 22.58287 22.54687 -1
  14.67370 18.99246 13.97047 -1
  24.48076 11.21851 26.55019 -1
  27.71605  6.81813  9.57607 -1
  30.25537 13.28295 19.86913 -1
   5.77117  5.05014 17.54528 -1
  22.60257 12.65320  0.97138 -1
  20.88526 16.32856  1.83879 -1
  29.19444 19.29186 18.01325 -1
  24.69452 10.15044 30.47137 -1
  20.58308 30.79185  2.86122 -1
  24.60004 31.12880  0.29876 -1
  19.35753  2.32742 12.64668 -1
  15.12415 23.92955 21.21440 -1
   7.65152 16.67104 17.32852 -1
  27.67447 25.00389  6.75405 -1
  14.22065 27.02786  5.31948 -1
  31.56921 12.22910  1.91501 -1
  19.18079 16.64634 26.73456 -1
  23.50276 31.14417 21.62973 -1
   0.93232  4.91088  1.96330 -1
   5.45310 14.17209 13.48635 -1
   3.76080 12.88754 25.40151 -1
  13.81350 30.91394  8.23992 -1
  12.76549  6.23723 14.08530 -1
   1.41365 29.38440 29.02530 -1
   4.40212  7.35740  1.73880 -1
  17.31431 22.89765  6.22793 -1
  18.27766 13.04202  3.13014 -1
  20.29892  9.14973  2.14355 -1
   2.19304 19.75014  2.79092 -1
  23.92873 17.52329 17.02576 -1
  25.75835 29.30553 16.95742 -1
   2.05326 24.74061 15.15529 -1
  18.32949  4.34060 25.52085 -1
   4.89713 29.54527 21.42053 -1
   3.00339 19.66891 10.48514 -1
  30.14877 26.51664 18.25213 -1
  31.88129  5.40282 22.04905 -1
   8.23046 17.91299 31.18494 -1
   8.19779  4.51948 11.16003 -1
  13.81506  0.74374  3.76579 -1
   1.99117 19.80825 18.61912 -1
  12.10938  9.01978  0.78227 -1
   9.81538 22.77938  0.61581 -1
  16.36300 28.60314 24.57394 -1
  20.57254 16.06943  6.17983 -1
   1.96262  3.73371 15.37002 -1
  21.26719 28.61564 15.54334 -1
  29.89459 21.29445 21.17819 -1
  22.50420 18.34310 27.86330 -1
  25.93717 31.97640  8.52144 -1
   4.85154 17.78989 20.35703 -1
  11.63916  0.49204 11.51440 -1
  26.08136  5.47563 15.37271 -1
   3.05248 13.34399 20.48369 -1
   3.70022 11.90846  3.64755 -1
   7.64567  9.05458 29.70947 -1
   7.90639 20.89063  9.89141 -1
  11.61305 10.73218 12.50865 -1
  30.56631 27.14485  3.67253 -1
   9.36239  6.43397  1.98770 -1
  23.10934 15.84320 21.61129 -1
  12.50016 12.86455 20.11549 -1
  23.73016 22.44478 29.55387 -1
  29.07940 25.29457 22.07631 -1
   9.35281 10.73118 21.90407 -1
   5.21719 10.82031 22.27952 -1
  16.23078 26.84080 30.35862 -1
   6.37634 28.51592 27.43052 -1
   2.18261  1.71746 23.97731 -1
  29.86177 27.64657 26.71100 -1
   4.21414  9.21066 18.67290 -1
  10.02147 26.63953 25.63496 -1
  29.65835 16.26532  1.73573 -1
   9.79786 10.76852  4.14650 -1
  29.51499  7.12915  3.23281 -1
  18.53905 20.36194 13.95816 -1
  19.85011 28.06293 27.20038 -1
   8.86124 20.82228 19.98664 -1
  25.82217 10.11663 14.52098 -1
  31.11199 24.46857 28.20656 -1
  21.40028  8.77314  6.43188 -1
  17.82294 17.08303 10.13441 -1
  21.09972  7.33613 18.45937 -1
  21.42683 23.73393  1.19028 -1
  15.80332 31.04718 28.60016 -1
  21.84875 19.40872 21.26800 -1
   5.59220 22.60947 20.78925 -1
  27.29638 16.62675  4.72783 -1
  30.24559 19.92084  2.53257 -1
   1.75648  9.10577 24.31906 -1
  28.00322  3.07796 26.17814 -1
  23.98196 31.28341 28.06613 -1
  10.28841  4.42772 19.97349 -1
   6.48927 12.22603 16.83967 -1
  18.67307  6.35202 31.40376 -1
  29.81112 31.57264 15.34467 -1
  28.80489 31.24640 28.39219 -1
  27.74126  7.38891 24.10255 -1
  11.19719  1.32165 24.09079 -1
  18.49515 13.02068  7.68844 -1
   1.11550 29.68704 19.89964 -1
  24.93352 16.86088  1.80892 -1
  27.28954 18.54856 14.55029 -1
   6.27716 24.70441 24.64774 -1
  13.37578  9.13252 19.85490 -1
  22.97079 20.28002  2.71348 -1
  27.29135 31.23953  4.03437 -1
