8
   1.608262119215e-1    -4.075689560590e-2     4.888561688020e-2     3.365813369393e-3    -1.145433114516e+0    -5.062915626051e-2     1.988934107148e-2     3.024144000615e-2    -6.066937058760e-2  
  -4.075689560590e-2     3.143340152524e-2    -1.812240888152e-2    -6.939996906374e-3     3.925585092549e-1     1.740378294431e-2    -7.440722531403e-3    -7.884947040400e-3    -4.743732427731e-4  
   4.888561688020e-2    -1.812240888152e-2     4.080212250310e-2     1.063528718069e-2    -4.994020047040e-1    -2.186446471741e-2     9.498342969533e-3     9.091540779073e-3     7.194623323044e-3  
   3.365813369393e-3    -6.939996906374e-3     1.063528718069e-2     3.392411675258e-2    -1.899124979555e-1    -1.114282276902e-2     6.421769200688e-3    -4.060077275155e-4     4.835821354222e-2  
  -1.145433114516e+0     3.925585092549e-1    -4.994020047040e-1    -1.899124979555e-1     1.094490107205e+1     4.902227212429e-1    -2.098628639599e-1    -2.240452791355e-1    -7.778595950573e-5  
  -5.062915626051e-2     1.740378294431e-2    -2.186446471741e-2    -1.114282276902e-2     4.902227212429e-1     4.154150620457e-2    -1.072030613281e-2    -1.018078027104e-2    -6.613538547871e-3  
   1.988934107148e-2    -7.440722531403e-3     9.498342969533e-3     6.421769200688e-3    -2.098628639599e-1    -1.072030613281e-2     2.175111736768e-2     4.228933123047e-3     2.499593232146e-2  
   3.024144000615e-2    -7.884947040400e-3     9.091540779073e-3    -4.060077275155e-4    -2.240452791355e-1    -1.018078027104e-2     4.228933123047e-3     3.249697160741e-2     3.860814330227e-2  
  -6.066937058760e-2    -4.743732427731e-4     7.194623323044e-3     4.835821354222e-2    -7.778595950573e-5    -6.613538547871e-3     2.499593232146e-2     3.860814330227e-2     1.115049590047e+1  
